{
  "Kp": 0.174999997,
  "Ki": 0.090000004,
  "Kd": 0.0025,
  "analogAlpha": 0.01,
  "rpmAlpha": 0.200000003,
  "minDutyCycle": 9.399999619
}